2849 1 0 9
2850 0 0 26
2851 0 0 15
2852 1 0 4
2853 1 0 9
2854 1 0 21
2855 1 0 22
2856 1 0 9
2857 1 0 14
2858 1 0 9
2859 1 0 24
2860 1 0 24
2861 1 0 19
2862 1 0 15
2863 1 0 14
2864 1 0 9
2865 1 0 22
2866 1 0 8
2867 1 0 14
2868 1 0 15
2869 1 0 19
2870 1 0 19
2871 1 0 15
2872 1 0 9
2873 1 0 12
2874 1 0 21
2875 1 0 9
2876 1 0 19
2877 1 0 11
2878 1 0 15
2879 1 0 9
2880 1 0 19
2881 1 0 15
2882 1 0 10
2883 1 0 9
2884 1 0 9
2885 1 0 15
2886 1 0 15
2887 1 0 9
2888 1 0 21
2889 1 0 9
2890 1 0 9
2891 1 0 9
2892 1 0 15
2893 1 0 9
2894 1 0 25
2895 1 0 20
2896 1 0 21
2897 1 0 15
2898 1 0 12
2899 1 0 9
2900 1 0 9
2901 0 0 9
2902 0 0 9
2903 0 0 14
2904 0 0 9
2905 0 0 2
2906 0 0 31
2907 0 0 19
2908 0 0 9
2909 0 0 9
2910 1 0 15
2911 0 0 21
2912 0 0 25
2913 0 0 9
2914 0 0 14
2915 0 0 15
2916 0 0 15
2917 0 0 9
2918 1 0 9
2919 1 0 9
2920 0 0 19
2921 0 0 2
2922 0 0 19
2923 0 0 11
2924 0 0 14
2925 0 0 15
2926 0 0 19
2927 0 0 14
2928 0 0 11
2929 0 0 19
2930 0 0 2
2931 0 0 24
2932 0 0 23
2933 0 0 9
2934 0 0 14
2935 0 0 11
2936 0 0 1
2937 0 0 21
2938 0 0 9
2939 0 0 9
2940 0 0 21
2941 0 0 9
2942 0 0 9
2943 0 0 19
2944 0 0 19
2945 0 0 19
2946 0 0 11
2947 0 0 22
2948 0 0 9
8441 0 1 20
8442 0 1 15
8470 1 1 15
8510 1 1 15
8535 1 1 18
8578 1 1 26
8601 1 1 2
8669 0 1 11
8886 0 1 16
8985 0 1 2
9239 0 1 2
9748 0 1 9
9769 1 1 9
9787 1 1 15
9810 1 1 22
9811 1 0 15
9812 1 1 9
9813 1 0 2
9814 1 1 13
